10 0.2363734312554
11 0.4563477488591
12 0.8010118788834
13 1.257076884404
14 1.971286558269
15 2.865603738963
16 3.97310939713
17 5.285603975943
18 6.715154297028
19 8.653359884654
20 10.65716192689
21 13.01354491263
22 15.25117569607
23 17.79812769218
24 20.00380847833
25 22.355950314
26 24.59358109743
27 26.45940439032
28 28.21637149776
29 29.78955543497
30 30.81647924157
31 31.66018536462
32 32.5573299787
33 33.1720139973
34 33.5426905145
35 33.5958462622
36 33.2492029288
37 32.91669676234
38 32.44649458988
39 31.91324065286
40 30.90526064996
41 30.20829831977
42 29.22011035058
43 28.2508661851
44 27.54118040466
45 26.38956678563
46 25.67535711177
47 24.62185543132
48 23.79256921855
49 22.89514186113
50 21.97311583323
51 21.1455260805
52 20.54158630877
53 19.77252442718
54 19.02382006598
55 18.41535640083
56 17.75317150131
57 17.24649543814
58 16.59392381214
59 16.13785880662
60 15.76520308605
61 15.26163719961
62 14.89463634582
63 14.55449610921
64 14.35827223207
65 14.03848951586
66 13.78373776758
67 13.53520637276
68 13.28441303122
69 13.28978515466
70 13.26179356412
71 13.06556968697
72 12.94710022801
73 12.99233916222
74 12.91910863746
75 12.86510465975
76 13.09667145425
77 13.06839712036
78 13.10967764783
79 13.14191038846
80 13.32993470877
81 13.46989266149
82 13.60956787087
83 13.74471918683
84 13.84085192203
85 14.07496340657
86 14.25167799333
87 14.39361514942
88 14.52424257196
89 14.66193857797
90 14.83921865141
91 15.22177038883
92 15.43863452971
93 15.53957390167
94 15.92862873589
95 15.92721501919
96 16.14492739009
97 16.415230022
98 16.45877249618
99 16.76243884208
100 16.90381051149
101 16.95102864907
102 17.28381755886
103 17.44243657194
104 17.46420780903
105 17.69464363017
106 17.81254760246
107 17.89567414407
108 17.91546617779
109 18.06447191735
110 18.21065022352
111 18.27483296144
112 18.44758914146
113 18.62091080815
114 18.46794666185
115 18.52506081629
116 18.71930549006
117 18.75945504418
118 18.77330946778
119 18.7931015015
120 19.01703422584
121 18.90563335035
122 18.91100547379
123 18.89856476688
124 19.03767448958
125 19.16632270874
126 19.10327094418
127 19.0232545793
128 18.97858113176
129 18.97066431828
130 19.06962448686
131 18.94210724106
132 18.89064795339
133 18.95765812469
134 18.83353379895
135 18.87170414969
136 18.84229884245
137 18.91779131392
138 18.73627009039
139 18.65286080544
140 18.71676080001
141 18.58839532419
142 18.60847010125
143 18.54570108003
144 18.38651658027
145 18.42892808109
146 18.43430020453
147 18.30395552533
148 18.27935685486
149 18.12186881513
150 18.16767323602
151 18.07747811094
152 18.0000064361
153 17.96409803207
154 17.94345776834
155 17.96155334202
156 18.01499183306
157 17.77974937516
158 17.6773962865
159 17.63526752902
160 17.5674091277
161 17.53008700698
162 17.47155913584
163 17.61095160188
164 17.61321354859
165 17.4333887851
166 17.34121445664
167 17.32481534299
168 17.15205916297
169 17.22811712112
170 16.97704103624
171 16.97788926626
172 16.82040122653
173 16.88260476107
174 16.90211405145
175 16.75254282522
176 16.69118752069
177 16.62615655276
178 16.61908796929
179 16.58911717538
180 16.49128798014
181 16.38780391814
182 16.25463180555
183 16.37960436131
184 16.08300659889
185 16.2368189752
186 16.19921411114
187 15.96595085661
188 15.91929820571
189 16.13672783326
190 15.88678272174
191 15.89187210184
192 15.78753980982
193 15.70667521491
194 15.59697079945
195 15.46775709361
196 15.48613541063
197 15.5375946983
198 15.53561549493
199 15.47199824369
200 15.18473101145
