10 0.0746949
11 0.0524882
12 0.0510647
13 0.0329871
14 0.0377408
15 0.0250067
16 0.0268977
17 0.0661837
18 0.0819149
19 0.0927574
20 0.0968314
21 0.129931
22 0.141842
23 0.138494
24 0.161341
25 0.163337
26 0.177108
27 0.181966
28 0.188415
29 0.189362
30 0.205455
31 0.203207
32 0.204114
33 0.214031
34 0.216561
35 0.224585
36 0.224608
37 0.227426
38 0.22401
39 0.231462
40 0.231336
41 0.240807
42 0.23419
43 0.244929
44 0.247916
45 0.244653
46 0.251795
47 0.24839
48 0.253598
49 0.261438
50 0.256189
51 0.263911
52 0.261958
53 0.2654
54 0.267431
55 0.261143
56 0.26976
57 0.274295
58 0.281466
59 0.28644
60 0.272557
61 0.281403
62 0.279868
63 0.287621
64 0.287161
65 0.286207
66 0.298474
67 0.307687
68 0.301549
69 0.300813
70 0.297623
71 0.299594
72 0.303085
73 0.301423
74 0.310454
75 0.314297
76 0.324819
77 0.314981
78 0.315749
79 0.319111
80 0.311023
81 0.315941
82 0.324417
83 0.319573
84 0.323347
85 0.337529
86 0.327356
87 0.322793
88 0.336821
89 0.322383
90 0.333418
91 0.333384
92 0.338054
93 0.333347
94 0.325376
95 0.343763
96 0.339161
97 0.336284
98 0.335421
99 0.343857
100 0.34967
101 0.334886
102 0.338681
103 0.339429
104 0.337482
105 0.345038
106 0.344139
107 0.356047
108 0.346283
109 0.348342
110 0.352531
111 0.330046
112 0.350108
113 0.34055
114 0.343272
115 0.341085
116 0.343121
117 0.347775
118 0.352875
119 0.341634
120 0.34244
121 0.343874
122 0.34405
123 0.334785
124 0.342088
125 0.349048
126 0.338483
127 0.335265
128 0.347833
129 0.333454
130 0.345854
131 0.342748
132 0.339079
133 0.32949
134 0.344419
135 0.335007
136 0.329043
137 0.340035
138 0.335754
139 0.323312
140 0.331433
141 0.341582
142 0.336086
143 0.319099
144 0.330562
145 0.329257
146 0.322491
147 0.323745
148 0.332961
149 0.324684
150 0.321668
151 0.319368
152 0.319527
153 0.318603
154 0.327347
155 0.316206
156 0.326443
157 0.316393
158 0.321495
159 0.311811
160 0.323093
161 0.311352
162 0.310485
163 0.31308
164 0.312281
165 0.307523
166 0.307072
167 0.30597
168 0.295785
169 0.300433
170 0.302152
171 0.297102
172 0.298282
173 0.307395
174 0.305538
175 0.295716
176 0.289206
177 0.293458
178 0.288377
179 0.291388
180 0.282238
181 0.291187
182 0.292008
183 0.292028
184 0.279824
185 0.283932
186 0.284668
187 0.280886
188 0.273102
189 0.282038
190 0.282288
191 0.285907
192 0.275634
193 0.275885
194 0.28267
195 0.27059
196 0.27175
197 0.266447
198 0.271171
199 0.269831
200 0.280372
