Energy (keV) M100 Effective area (cm2)
10 0.027892 0.3443813866855
11 -0.0887968 0.6466340158864
12 0.0306852 1.07555566088
13 -0.00967589 1.695611802917
14 0.053913 2.531118369137
15 0.0105555 3.526940408468
16 0.0389848 4.847069057429
17 0.0471028 6.299804332298
18 0.0837987 8.062709049854
19 0.0841548 10.00996242432
20 0.0982413 12.30046621212
21 0.11482 14.66561424137
22 0.129406 17.18259544357
23 0.138441 19.55481205628
24 0.155922 22.14700298661
25 0.165906 24.39679173361
26 0.185846 26.74356144584
27 0.183428 28.54378828412
28 0.199091 30.2668261909
29 0.202777 31.67743270829
30 0.197505 32.56213661546
31 0.207999 33.41686972872
32 0.212062 34.289981159
33 0.213287 34.61457051197
34 0.213399 34.71409616724
35 0.21248 34.84670279314
36 0.223298 34.39063778762
37 0.219988 33.91647720842
38 0.23436 33.09199763241
39 0.230772 32.44988750995
40 0.228683 31.6731915582
41 0.227683 30.85945622907
42 0.240912 30.00839877922
43 0.240674 28.80023649243
44 0.242191 27.93391090228
45 0.245974 26.9253654127
46 0.252313 25.88006328908
47 0.26063 24.96906425139
48 0.254788 23.9822899989
49 0.254539 23.11766086878
50 0.245916 22.25896934878
51 0.263851 21.60498400608
52 0.265489 20.81895752416
53 0.270608 19.92068193672
54 0.255641 19.14737890504
55 0.274111 18.54513559335
56 0.276521 17.9898276759
57 0.271413 17.40992108798
58 0.269974 16.93745696881
59 0.287682 16.55179505465
60 0.293335 16.01938934765
61 0.303497 15.65182300718
62 0.294157 15.18048986137
63 0.289055 14.97832837411
64 0.289441 14.63536070412
65 0.298874 14.44620541044
66 0.309069 14.3461142685
67 0.303913 14.01191164201
68 0.305807 14.0249178356
69 0.291042 13.86856076923
70 0.312984 13.72238246306
71 0.311596 13.78995812104
72 0.303994 13.71078998617
73 0.308933 13.62398778115
74 0.318163 13.68308113896
75 0.312478 13.68760503238
76 0.307819 13.7175758263
77 0.321474 13.82049440163
78 0.311252 13.96950014119
79 0.329157 14.02887624234
80 0.335793 14.12896738429
81 0.325062 14.28023507056
82 0.323504 14.42302045666
83 0.324889 14.6003005301
84 0.332526 14.73545184606
85 0.331283 15.00660270799
86 0.329693 15.25626507617
87 0.323928 15.40696727576
88 0.332298 15.4072500191
89 0.331977 15.69875840143
90 0.333081 15.7779265363
91 0.331199 16.18253225415
92 0.33406 16.24162561196
93 0.331159 16.54218178113
94 0.339944 16.89843838805
95 0.344857 16.92784369529
96 0.340524 17.13650827934
97 0.340902 17.30049941585
98 0.341823 17.376557374
99 0.349156 17.57193302112
100 0.348033 17.64686000591
101 0.350326 17.88295069383
102 0.340043 17.96127059868
103 0.342852 18.13063385864
104 0.337893 18.31413428553
105 0.345914 18.29519048183
106 0.34986 18.49678648241
107 0.336977 18.52675727633
108 0.356423 18.66303956564
109 0.35466 18.67548027255
110 0.346069 18.80950061515
111 0.345308 18.7399457538
112 0.345497 18.81487273859
113 0.350349 18.94663113448
114 0.34927 19.06651431014
115 0.348592 19.01533776581
116 0.358072 19.09959528078
117 0.355819 19.13917934822
118 0.340815 19.01279307576
119 0.343843 19.17593598226
120 0.341924 19.15981961195
121 0.345938 19.15812315192
122 0.342983 19.26782756738
123 0.338113 19.25877978054
124 0.339649 19.09422315734
125 0.341564 19.26641385069
126 0.345772 19.11033952766
127 0.337049 19.20732049287
128 0.344413 19.2927089812
129 0.346518 19.16377801869
130 0.34905 19.0218408626
131 0.345188 19.09591961738
132 0.335936 19.07188643358
133 0.337775 19.01986165923
134 0.336843 19.03117139278
135 0.333152 18.87735901647
136 0.338377 18.82872716219
137 0.329418 18.87622804311
138 0.331043 18.72665681687
139 0.329362 18.83579574566
140 0.332026 18.66558425569
141 0.327198 18.50215860585
142 0.327809 18.67265283916
143 0.334513 18.62684841827
144 0.332576 18.681700626
145 0.321247 18.67406655585
146 0.316222 18.38934401366
147 0.329061 18.37379313002
148 0.320177 18.32374755905
149 0.318124 18.10518695814
150 0.318519 18.30452101201
151 0.314932 18.27681216481
152 0.315711 18.06786483742
153 0.312332 18.00396484284
154 0.314404 17.98671749918
155 0.324467 17.91179051439
156 0.312778 17.79558300213
157 0.316762 17.7254626541
158 0.311379 17.64714274925
159 0.310371 17.6649555796
160 0.300815 17.47891046265
161 0.295317 17.56967107441
162 0.298891 17.39691489439
163 0.304812 17.43593347515
164 0.309609 17.31548481281
165 0.300931 17.27279056865
166 0.29572 17.32481534299
167 0.306718 17.06129855121
168 0.297849 17.17835429348
169 0.296545 17.07147731141
170 0.291681 17.09042111511
171 0.290506 16.95159413575
172 0.292665 16.85630963056
173 0.286449 16.80258839619
174 0.295504 16.63294239289
175 0.297902 16.74264680836
176 0.290039 16.57639372513
177 0.293427 16.56367027488
178 0.28378 16.43360833903
179 0.289262 16.43389108236
180 0.292542 16.39600347496
181 0.295476 16.28856100621
182 0.280435 16.33182073705
183 0.279041 16.26198313236
184 0.293124 16.2899747229
185 0.287477 16.10308137594
186 0.281661 16.07735173211
187 0.281576 15.97923979354
188 0.279673 15.98008802355
189 0.281251 15.831082284
190 0.283904 15.95322740637
191 0.276901 15.77170618284
192 0.27454 15.68857964123
193 0.273386 15.58000619912
194 0.28188 15.4225181594
195 0.266617 15.43524160964
196 0.264312 15.4604057668
197 0.271928 15.35974913818
198 0.268166 15.22629428225
199 0.262369 15.33373675101
200 0.270022 15.14882260742
201 0.269884 15.15617393423
202 0.273826 15.05212438554
203 0.266509 15.01536775149
204 0.262577 14.90509784935
205 0.260933 14.93817881999
206 0.260563 14.76598812665
207 0.257857 14.70915671555
208 0.266008 14.577681063
209 0.258135 14.45864611735
210 0.263628 14.36788550559
211 0.264 14.43037178347
212 0.266736 14.33452179161
213 0.261974 14.12840189761
214 0.272819 14.06082623963
215 0.26964 14.13575322442
216 0.261078 14.11878862409
217 0.265475 13.89259395303
218 0.264458 13.77864838748
219 0.254738 13.85046519555
220 0.251102 13.5202209758
221 0.244551 13.5733767235
222 0.254461 13.43172231075
223 0.251196 13.48318159842
224 0.258585 13.25529046732
225 0.250423 13.15124091864
226 0.256648 13.14021392842
227 0.257257 13.0118484526
228 0.247379 12.90129580712
229 0.250061 12.82241041559
230 0.238961 12.77208210128
231 0.251414 12.57189981739
232 0.252244 12.48679407241
233 0.245056 12.39829540735
234 0.260808 12.30046621212
235 0.243297 12.19726489345
236 0.256729 12.03214278358
237 0.242593 11.98153172593
238 0.249259 11.78530784879
239 0.245628 11.76777776178
240 0.236537 11.52716318044
241 0.256415 11.48842734302
242 0.24538 11.37617823751
243 0.239892 11.19635347402
244 0.244368 11.11237870239
245 0.259431 11.05724375132
246 0.267282 10.83048359359
247 0.251462 10.75979775888
248 0.26698 10.57035972187
249 0.252856 10.55000220147
250 0.24046 10.36028142112
251 0.250692 10.2661278893
252 0.247065 10.09761285936
253 0.265515 9.990170390606
254 0.253373 9.824765537395
255 0.254177 9.7323084656
256 0.26407 9.596874406304
257 0.253328 9.342970888042
258 0.257049 9.305083280639
259 0.264885 9.110838606868
260 0.257571 9.08171604297
261 0.267284 8.881251015745
262 0.251469 8.678806785148
263 0.265689 8.568254139669
264 0.275327 8.435364770422
265 0.258034 8.366092652411
266 0.282346 8.182309482176
267 0.275872 8.081652853556
268 0.293938 7.873271012844
269 0.271102 7.748015713745
270 0.275222 7.657820588661
271 0.285786 7.473754675088
272 0.286651 7.366594949674
273 0.284807 7.253497614145
274 0.286088 7.027020199749
275 0.283476 6.926363571128
276 0.291157 6.824293225813
277 0.289673 6.69055562655
278 0.274233 6.51044811972
279 0.305519 6.46266449546
280 0.29812 6.313093269223
281 0.293433 6.238166284435
282 0.289574 6.091705234925
283 0.307046 5.965884449149
284 0.293737 5.827622956465
285 0.308012 5.749303051611
286 0.316805 5.557320324551
287 0.306591 5.501619886803
288 0.283916 5.42301723861
289 0.309083 5.246019908508
290 0.310091 5.197105310891
291 0.294122 5.028873024292
292 0.3348 5.012191167302
293 0.312264 4.827559767051
294 0.317394 4.764790745832
295 0.318639 4.696084114498
296 0.329378 4.528417314577
297 0.31716 4.50834253752
298 0.334293 4.35481290454
299 0.335095 4.290347423288
300 0.341889 4.156892567364
301 0.339722 4.105433279699
302 0.334424 3.940876656504
303 0.338996 3.946531523281
304 0.350719 3.789891713573
305 0.340384 3.732777559131
306 0.364175 3.650499247534
307 0.355736 3.597343499835
308 0.325632 3.504038198024
309 0.367227 3.433635106657
310 0.339039 3.310641754269
311 0.341725 3.279822730338
312 0.373027 3.201220082145
313 0.363233 3.158243094644
314 0.367546 3.065220536172
315 0.37478 3.039490892339
316 0.359834 2.959757270791
317 0.365768 2.927241786826
318 0.358432 2.788980294142
319 0.329376 2.73921746651
320 0.356792 2.660614818317
321 0.372014 2.610569247346
322 0.356106 2.615658627444
323 0.37396 2.509629875386
324 0.38675 2.459867047753
325 0.398638 2.431027227193
326 0.394442 2.3334807753
327 0.394092 2.310861308194
328 0.378055 2.26392591395
329 0.378425 2.166944948734
330 0.39868 2.172034328832
331 0.413172 2.080142743715
332 0.411466 2.062612656708
333 0.431207 1.995319742068
334 0.416065 1.987402928581
335 0.387095 1.976941425045
336 0.391683 1.897490546836
337 0.41758 1.847444975864
338 0.393416 1.780434804564
339 0.376024 1.751312240665
340 0.453014 1.743960913855
341 0.371621 1.671013132439
342 0.374239 1.61333349132
343 0.38593 1.631146321665
344 0.412053 1.620119331451
345 0.416158 1.581383494033
346 0.371866 1.541799426598
347 0.431746 1.481575095428
348 0.437138 1.491188368948
349 0.387853 1.466024211793
350 0.398029 1.463762265083
351 0.362893 1.358298999702
