time time_width rate rate_err
0.35603374794 7.45590277778e-05 0.512677972569 0.229276559446
0.363643348993 0.00173674189815 0.813423187587 0.0537525172399
0.367543128981 0.00174368055556 1.09322767875 0.0637583329913
0.371413590498 0.00174795717593 1.32907847997 0.0707397097277
0.375248222616 0.00174515046296 1.3642334912 0.0721019804335
0.3791062975 0.00174365162037 1.59887302024 0.0791560096263
0.390623601516 0.00174444444444 1.86090888141 0.0878217199077
0.394457155174 0.00174303240741 1.98992993235 0.0913042471561
0.398311332789 0.0017479224537 2.09885240486 0.0944318340936
0.402150459236 0.00174388888889 2.1184815247 0.0996449889787
0.404900052118 0.000353247685185 2.05464347491 0.211920293351
0.406200025799 0.000356828125 2.11721087641 0.214970194414
0.409846877292 0.000354136574074 2.1291280405 0.217303220678
0.413244816771 0.000352318865741 2.50867524105 0.234958963663
0.418072755231 0.000352188657407 2.18634614863 0.224314381866
0.422418813831 0.000354545717593 2.00525738381 0.21137268759
0.426758893866 0.000412546296296 1.84768841561 0.207881188109
0.430056439028 0.000342006365741 2.3029604938 0.22582385571
0.433203843113 0.000343770833333 2.25011402287 0.222794487117
0.436670431875 0.000351872685185 2.25411332514 0.222104385557
0.440286893877 0.000342298032407 1.95763488935 0.207508883253
0.442018010289 0.000354155671296 2.06896604744 0.212271437587
0.44703254022 0.000344081018519 2.08739416662 0.213043775011
0.449243511134 0.000343921296296 1.95315436937 0.205880547638
0.463674738067 0.00174701967593 1.64400998854 0.0837865073357
0.467542462512 0.00175397569444 1.74759702008 0.0862026038835
0.471475721632 0.00175134837963 1.76550999121 0.0874057689948
0.47531617294 0.00174962962963 1.71478318001 0.0851032602924
0.479220941817 0.00174935185185 1.74967314475 0.0860957869828
0.483121204005 0.00173197916667 1.78825965682 0.0869481598796
0.487069975556 0.00173343171296 1.76252936652 0.0934138695982
0.491014403113 0.00175695601852 1.64842428678 0.0832579993898
0.494943574097 0.00175686921296 1.77162673443 0.0861394395184
0.498841430451 0.00175412615741 1.77413972873 0.0865691545343
0.502712520069 0.00173320601852 1.75923172938 0.0857397082549
0.506558685671 0.00173550925926 1.89116856057 0.0951550170889
0.510579665764 0.00175023148148 1.74996151136 0.0857989220623
0.5144379711 0.00175441550926 1.749707762 0.0857864809762
0.518359244896 0.0017504224537 1.88872933073 0.0888383548071
0.52225426272 0.00173307291667 1.8935496203 0.0888686870288
0.526262281956 0.00175392939815 1.8634065725 0.0888344227715
0.530127426157 0.00175629050926 1.76626577275 0.085980472543
0.534091538229 0.00175469907407 1.66037064963 0.0832268603686
0.537970735683 0.00175612268519 1.69916133196 0.084224300275
0.541922116157 0.00175078125 1.73055900955 0.0849498007051
0.545803181782 0.00172946759259 1.66625300642 0.0836268411919
0.549819263495 0.00175182291667 1.84515318578 0.0950302238533
0.553702210498 0.00174962962963 1.75749689522 0.0859619830392
0.557629235231 0.00175413773148 1.6029618338 0.0816944996578
0.561553882326 0.00175 1.57551213171 0.0811430030384
0.565490890648 0.00175112268519 1.42989320776 0.0773197694092
0.569381623333 0.00174774884259 1.5756335372 0.0868674888478
0.573251674618 0.00173262152778 1.52164654664 0.0797559500846
0.577169612373 0.00175020833333 1.61242344371 0.0821767079493
0.581118235498 0.00175646412037 1.46475192181 0.078182673674
0.585007953113 0.00175164930556 1.71910313486 0.0852127787459
0.588932409109 0.00175679398148 1.5050581208 0.0816232367974
0.592848278472 0.00175556134259 1.60998366973 0.0821591351055
0.596785112731 0.00175443287037 1.67672551664 0.0842586275017
0.600672576968 0.00175052083333 1.45279297634 0.0778778780228
0.604627608657 0.00173614583333 1.60735335538 0.082131919757
0.608530722558 0.00174837962963 1.62165330562 0.0826471052694
0.612517254896 0.00175098958333 1.53783543333 0.0873431833483
0.616384533044 0.00175550347222 1.60030143495 0.0817715834557
0.620411868322 0.00175652777778 1.56868214216 0.0808986045027
0.624304894329 0.00175600694444 1.66117845246 0.0833721566297
0.628257441354 0.00175121527778 1.59349116159 0.0816370252395
0.632150502234 0.00175293402778 1.55689582253 0.0868974509702
0.636112270972 0.00175165509259 1.49203833963 0.0788566765618
0.639974279444 0.00174849537037 1.52625115074 0.079778425654
0.643883620023 0.00173042824074 1.66378079232 0.0832932212969
0.647822017025 0.00175378472222 1.65422748324 0.0832332176616
0.651764189664 0.00175081018519 1.49739240541 0.0850461737165
0.655650475544 0.00176027777778 1.6438368672 0.0836690935621
0.65963307515 0.00175174768519 1.58157326763 0.081239961846
0.663530127836 0.00175226851852 1.54852062167 0.0809424695468
0.667404815324 0.00173269675926 1.7300133191 0.0850255159806
0.67136558434 0.00174793981481 1.65384836042 0.0831090071465
0.675329514618 0.0017560474537 1.58488638935 0.0881854376602
0.679202469988 0.00171697916667 1.619375908 0.0827462434983
0.683236943623 0.00174753472222 1.62670236436 0.0823712761457
0.687120126435 0.00175015046296 1.54933776105 0.0804376086727
0.69112622706 0.00174938078704 1.64645516304 0.0833714979873
0.695008561157 0.0017507349537 1.65798761481 0.0903163403701
0.699015506609 0.00175603009259 1.53153023433 0.0800543677738
0.702892063889 0.00175918981481 1.5103734829 0.0793834678409
0.706857920729 0.00175160300926 1.65158600696 0.0831003105661
0.710721067488 0.00175399305556 1.54586725868 0.0802574291672
0.714629609167 0.00175244212963 1.77811345402 0.0928167667742
0.718566659549 0.00175452546296 1.62370566638 0.0825375975882
0.722510384294 0.00175592013889 1.76376329161 0.0862684825051
0.72647320787 0.00175127314815 1.65726317314 0.0831756543931
0.730290407639 0.00173174768519 1.60640927425 0.0818701974923
0.734273170116 0.00175133680556 1.57723642925 0.0811242882386
0.742113100289 0.00175380208333 1.55003719567 0.0804739215089
0.745999766956 0.00174975694444 1.61985452998 0.0826628553329
0.749995894016 0.00175347800926 1.53455693216 0.0801032198214
0.753891911944 0.001750625 1.61851459714 0.082919014678
0.7577668214 0.00173501736111 1.59691407819 0.0885808552525
0.761734537859 0.00175334490741 1.48252743421 0.0787954441238
0.76564525044 0.00173324652778 1.68043159755 0.0837082602782
0.769606067697 0.00175027777778 1.83012206632 0.0884622890459
0.773496609456 0.001753125 1.60830218522 0.0821804026967
0.777402995336 0.00174829282407 1.59286988087 0.0878177592348
0.781332976609 0.00175037615741 1.5828104162 0.0816272146035
0.785233074722 0.00175342013889 1.59694690861 0.0822469502135
0.78912317375 0.00173376736111 1.53514211845 0.0810217021694
0.793025499248 0.00175413773148 1.60668767003 0.082205292581
0.796930055405 0.0017485474537 1.57906950096 0.0814342916304
0.804790477755 0.00174905092593 1.59316844625 0.0821613892164
0.808765573044 0.00175653935185 1.7464138347 0.0856249829032
0.816969520208 0.00175012152778 1.57530002927 0.0817855024784
0.820862843889 0.00174736111111 1.55552569676 0.0861526002597
0.824755989306 0.00175154513889 1.73933309018 0.0857949742826
0.828677929433 0.00174762152778 1.6416291149 0.0834486976793
0.832580502188 0.0017512962963 1.72979758173 0.0852210101289
0.836519016956 0.00175438078704 1.5998113751 0.0819608195862
0.840448808056 0.00174810763889 1.62209603391 0.0883612013765
0.844361499757 0.00173174768519 1.53561546014 0.0802679059474
0.848284768727 0.00175009259259 1.61069511812 0.0829550190272
0.85220254787 0.00175144675926 1.55800197242 0.081327040961
0.856080887014 0.00173477430556 1.91050030538 0.0898623753161
0.860047460093 0.00173523148148 1.51162643184 0.0850356304589
0.86398316816 0.00175225115741 1.63924304817 0.0830062983548
0.867920934688 0.00174737268519 1.59261604192 0.0816994791099
0.871751932477 0.00170381944444 1.63498140479 0.0827905016541
0.87578040985 0.00175093171296 1.55567019098 0.0806577420488
0.879649348171 0.00174999421296 1.68337743411 0.0840638574768
0.884766545394 0.00174850694444 1.75787622646 0.0859805367366
0.888575371539 0.00173361689815 1.62815948641 0.0830866658663
0.892529599271 0.00174637152778 1.76049273502 0.0864191894975
0.896404007199 0.00174902199074 1.61779197432 0.0826653082682
0.900325799572 0.00172998842593 1.58771028808 0.0822085225301
0.904203514977 0.00173053240741 1.64704551889 0.0897202864245
0.908139304896 0.00173272569444 1.65692673415 0.0835808974477
0.912226367037 0.00175164351852 1.50791985845 0.0800320763073
0.920850175984 0.00173028935185 1.40049028062 0.0766314186849
0.924738068299 0.00175034143519 1.69803966855 0.090634652404
0.928619720243 0.0017348900463 1.55663470791 0.0807077499222
0.942009347569 0.00174920717593 1.5005692864 0.07964194845
0.945884071678 0.00174864583333 1.6531787407 0.0868891455547
0.949741129549 0.00175186921296 1.55239673088 0.0805964224731
0.953616931354 0.00174745949074 1.58664137286 0.0816080263403
0.957479772269 0.00175483796296 1.62023380889 0.0824677295257
0.961384527465 0.00174715856481 1.47942803412 0.078853779168
0.96530098191 0.00175485532407 1.58772545879 0.0898872536756
0.969234694063 0.00174857638889 1.61428072095 0.0823784180818
0.973159894537 0.00175273148148 1.63467040041 0.0832025326871
0.977097187292 0.00175069444444 1.55745586873 0.0809682751193
0.982275460116 0.00174846643519 1.65253496221 0.083253508658
0.986131875972 0.00175152777778 1.78441147868 0.0932726821654
0.990092594873 0.0017305150463 1.60956908338 0.0824607221248
0.993965946123 0.00173266782407 1.67300093894 0.0837548059696
0.998000445752 0.00175492476852 1.68401089286 0.0844118386882
1.0018656142 0.0017521412037 1.68206753437 0.0844205495978
1.00572404052 0.00173153356481 1.60168904749 0.0867363248216
1.00964940074 0.00175046296296 1.67802727489 0.0839013637445
1.01364040944 0.00175271412037 1.5397262253 0.080263777919
1.01751381402 0.00175717592593 1.46220346697 0.0782699571082
1.02143160076 0.00175074074074 1.58044122406 0.0813968642099
1.02531162391 0.00175446180556 1.63746354435 0.0828100908615
1.02925231385 0.00175228587963 1.73369678348 0.0921449444225
1.033048694 0.00173139467593 1.60652478928 0.0820895820067
1.03702145644 0.00175074652778 1.57176443187 0.0818227880426
1.04087632627 0.0017487962963 1.74715990548 0.0856615620326
1.04479423947 0.00173116898148 1.60057088257 0.0818923305089
1.04868451201 0.00173368634259 1.79324093679 0.0943811019361
1.05264018279 0.00175395833333 1.47864155621 0.0788118597542
1.05649578259 0.00173588541667 1.57303741234 0.081889056759
1.06043920272 0.00173045138889 1.47692883927 0.0792856942638
1.06448570963 0.00176373842593 1.59997813392 0.0828437275098
1.06839285546 0.00173552083333 1.48298838526 0.0849156679204
1.07228087881 0.00173359375 1.72761029518 0.0854248312248
1.07629148836 0.00175790509259 1.61531222376 0.0827549521199
1.08020796821 0.00173078125 1.50463756713 0.07997058443
1.08432119326 0.00175045138889 1.70476098559 0.084815029054
1.08820243756 0.00173284143519 1.54926380017 0.0816533717498
1.09602730122 0.00171871527778 1.49793167764 0.0798400266813
1.10011404895 0.00176963541667 1.73608313758 0.0865879568999
1.10415551351 0.00175788194444 1.63822218345 0.0838187386479
1.10819004928 0.00175564236111 1.65246020373 0.084108009835
1.112062144 0.00175756365741 1.52839847744 0.087515842235
1.11600067284 0.00173468171296 1.70661607343 0.0852243397452
1.11996518964 0.00174732638889 1.56492774433 0.0815774979127
1.12395712227 0.00173048611111 1.58692125003 0.0817306025268
1.12785619238 0.0017541087963 1.57333527904 0.0814642127758
1.13181754455 0.00175656828704 1.67075673867 0.0904765499956
1.1361567605 0.00173123263889 1.52840996054 0.0807789764581
1.14015289791 0.00175366319444 1.70487902447 0.0846117253064
1.14409150595 0.00175367476852 1.81368301164 0.0877702726734
1.15191042531 0.0017476099537 1.57130397085 0.0874296916784
1.15586140846 0.0017566724537 1.61667411988 0.0823933424669
1.16101536954 0.0017330150463 1.53810133136 0.0807293834275
1.16490264299 0.00173601273148 1.63960486035 0.0836707351594
1.16888247494 0.0017494849537 1.55115972541 0.0806409542141
1.17281456742 0.00175419560185 1.57875838742 0.0874393399877
1.1768036485 0.00175455439815 1.53561727657 0.0801585693491
1.18065298389 0.001735 1.64481689791 0.0832885412078
1.18466440058 0.00173211805556 1.74584699514 0.0862212374159
1.18859201034 0.00171924768519 1.70120549707 0.0848484182981
1.19261296253 0.00173108796296 1.59697276318 0.0822482817916
1.19648201477 0.00173159722222 1.76855128409 0.0907247666015
1.20050016499 0.00173046875 1.68010893471 0.0843222502987
1.2044118727 0.00173046875 1.75277822529 0.0860404991086
1.20841524369 0.00175539351852 1.72590676872 0.0857609968376
1.21233347936 0.00175468171296 1.77451911304 0.0860768204442
1.21636391955 0.00175222222222 1.70054545079 0.0924974784593
1.22020921646 0.0017540625 1.69328059994 0.0839328032113
1.22417490149 0.00173482060185 1.68493557371 0.0836219484639
1.22805739611 0.00173096643519 1.87479743036 0.0890743140282
1.23202093426 0.00174814236111 1.74344479217 0.0851728516721
1.23592791297 0.00173263888889 2.0015924961 0.0992152565205
1.23991475471 0.00174839699074 1.88108989066 0.0884790257727
1.24382822527 0.00173157407407 1.75956443458 0.0856542565053
1.24785237135 0.00175508680556 1.68965273727 0.0839595195313
1.25875744118 0.00174744791667 1.76455535669 0.0878987632038
1.26263248701 0.00173384837963 1.76186949978 0.0855639468228
1.26659845865 0.00174722222222 1.81997602928 0.0872611715625
1.27052320359 0.00173032407407 1.76952683091 0.0868626558233
1.27437741704 0.00171876736111 1.62760247098 0.0825227210829
1.27830035823 0.00173114583333 1.82740695778 0.0874167297709
1.28227192544 0.00175819444444 1.85292436146 0.0877385114335
1.28621925644 0.00176016203704 1.85593146135 0.0914351803566
1.2900462765 0.00171925925926 1.86071796089 0.0885053278296
1.29397769078 0.00173456597222 1.697987235 0.0845827688697
1.29794676208 0.00175132523148 1.95108831644 0.0899969930768
1.30203393181 0.00175675347222 1.84580179399 0.0881958212322
1.30587775343 0.00173368634259 1.72460600022 0.0947929187766
1.30981708992 0.00173361111111 1.77757375135 0.0864285933756
1.31378744339 0.00173499421296 1.6793292747 0.0842831202847
1.31778636078 0.00172998263889 1.85471904157 0.0883199543603
1.32167903182 0.00175777777778 1.85120970868 0.0876573202711
1.32560260998 0.00172927083333 1.81769959221 0.0937406989359
1.32957368603 0.00175641203704 1.95671813435 0.0901608124196
1.33346155316 0.00173315393519 1.94415382597 0.0901579748441
1.33745875407 0.00175552083333 1.79826593132 0.0869224646408
1.34142256117 0.00173545138889 1.87690759887 0.0893765523271
1.34529088894 0.00173181134259 1.82717432103 0.0874056012458
1.35317236236 0.00173383101852 1.90267526798 0.0896929722921
1.35721043328 0.00175627893519 1.81759676178 0.0868481326632
1.36105416413 0.00171859953704 1.98705250809 0.0911722218765
1.36503594262 0.00170519675926 1.82630605149 0.0878681908708
1.36903136339 0.00173100694444 1.99066776628 0.0996580388176
1.37296783208 0.00175184606481 1.70423819133 0.08510559398
1.37690247095 0.00173418981481 1.9259506833 0.0903893442624
1.38080799513 0.00173153356481 1.91400319561 0.0898286208818
1.38475967872 0.00173020833333 1.96566458756 0.0909601092742
1.38865683097 0.00173158564815 1.84544870751 0.0947943327414
1.39264548557 0.00175848958333 1.51988340865 0.0798832984414
1.42477341669 0.00173189236111 2.12293072823 0.0942826636473
1.42858966403 0.00171434606481 1.80535925597 0.0870621542633
1.43309634516 0.00173571759259 1.91732597073 0.0900838324065
1.43747123895 0.00173578125 2.02818538216 0.0921902446437
1.44147464263 0.0017316724537 1.85584368457 0.0881737943898
1.44541298244 0.00173174189815 2.03031304304 0.0974581447766
1.44943773086 0.00173481481481 1.7399021228 0.0848985304282
1.45338516078 0.00173377314815 2.02608589815 0.0924777458216
1.45769229479 0.0017520775463 1.96121396287 0.0913428407226
1.46175965946 0.00174844328704 1.80142290793 0.0863716174806
1.46578002994 0.00175342013889 1.76871883987 0.0878883457565
1.46996457949 0.00173593171296 1.88539951706 0.0890767543598
1.47397341649 0.0017319849537 1.96957424481 0.0911410266359
1.47813112295 0.00175318865741 2.12623379454 0.0962500814248
1.4822884738 0.00173445023148 1.78199151078 0.0864392849751
1.48931665201 0.00173273726852 1.85200526226 0.0880909070176
1.49392298972 0.00173243055556 2.04971931933 0.0925025379519
1.49916090512 0.00174971064815 1.97167291383 0.0918299626329
1.50293516514 0.00171269675926 1.96618719669 0.0909842927409
1.50689681028 0.00174811342593 1.83251208069 0.0882690009763
1.51100646117 0.00174734953704 1.92786510055 0.0894026032906
1.51505770054 0.00175011574074 1.8132629077 0.0869393020188
1.51889985977 0.00173121527778 1.93444985201 0.0899987521551
1.52699601543 0.0017330787037 1.93209373664 0.0899865765738
1.53088899383 0.00175547453704 1.82919280472 0.0871044192722
1.53507099154 0.00175240162037 1.93297391473 0.0893517508167
1.5390527112 0.00173452546296 1.96824106269 0.090595638211
1.54291969156 0.00173322337963 1.85866047495 0.0882081225594
1.55077219346 0.00173050347222 2.02705515521 0.0919490890877
1.55469274115 0.00173482060185 1.95112153985 0.0906763077834
1.5586915816 0.00175006365741 1.82992746672 0.0877383064674
1.56251886332 0.00173359375 1.58997689903 0.0921048887683
1.566578612 0.00175050347222 1.92468207735 0.0897387645733
1.57048421601 0.0017315162037 1.7146998911 0.0859501391705
1.57868163002 0.00173050925926 1.848749426 0.0879360426794
1.58422653309 0.00173153356481 1.78146649114 0.0864138177822
1.58817007333 0.00173207175926 1.79173263188 0.0860059185635
1.59215700292 0.00175004050926 1.83972321331 0.0877053629228
1.59604012763 0.0017318287037 1.73452434302 0.0847370592136
1.60015609843 0.00173525462963 1.66293840915 0.0835657992819
1.60492326707 0.00173556134259 1.73055973522 0.0851552775852
1.61680068595 0.00173049768519 1.79862271399 0.0873488406906
1.89111471902 5.44903356481e-05 2.43498765583 0.73417640214
1.89412844897 0.00173624421296 1.4951443992 0.079131432958
1.91368249297 0.00173045717593 1.48507447296 0.0789308177059
1.9175357213 0.00173351273148 1.67094902985 0.0832358999356
1.921571603 0.00173269675926 1.59250106203 0.0820179774655
1.9254791655 0.00173096643519 1.57380215448 0.0811626489772
1.9294969488 0.00173405092593 1.45450154665 0.0827437020197
1.93341520326 0.00175763888889 1.59125661472 0.0819538851678
1.93733328681 0.00173593171296 1.65075624855 0.083912655957
1.94125594677 0.00173 1.62677042559 0.0830157806529
1.94516891818 0.00173171875 1.65675855664 0.0838932306032
1.94908058542 0.00173080439815 1.39368661243 0.077071045775
1.9530265686 0.00173395833333 1.71685899085 0.0911214140423
1.95690633497 0.00173289351852 1.69399381388 0.0844887322327
1.960865693 0.00173235532407 1.62237965616 0.082684123521
1.96480716853 0.00173434027778 1.57137648009 0.0813627900107
1.96879323082 0.00173337962963 1.56060282611 0.0812417380557
1.97274153662 0.00175508680556 1.52583299473 0.085699318981
1.9766151999 0.00173413194444 1.51205037037 0.0801385093529
1.98054329159 0.00171929398148 1.63102756933 0.0829097908318
1.98452393226 0.00173362268519 1.80232801542 0.0870172165691
1.98845904705 0.00175835648148 1.46093010616 0.078089998904
1.99242413117 0.00175721064815 1.54763526284 0.0869238563556
1.99633818755 0.00173098958333 1.66753683946 0.0839028840491
2.00037074596 0.00175170717593 1.64051871233 0.0830708941207
2.00428888123 0.0017537037037 1.65397706971 0.0838599663219
2.00830432091 0.00175274884259 1.72840480138 0.0853598288655
2.01217375863 0.00173203703704 1.7249137723 0.0851874192283
2.01616609365 0.00174971643519 1.65778506569 0.0834122190609
2.02004506672 0.00173055555556 1.72294532051 0.0851941630731
2.02392010211 0.00173168981481 1.60834287063 0.0825062483999
2.02782538502 0.00172966435185 1.55687429107 0.0811576826407
2.03178768147 0.00175619791667 1.68718276043 0.0838367853953
2.03572751041 0.00175782986111 1.67126259438 0.0897180768427
2.03959821473 0.00173440393519 1.6336984151 0.082938471038
2.04347219944 0.00173279513889 1.70635958913 0.0847896896744
2.04743602016 0.0017310474537 1.64266245301 0.0836093174537
2.05138293811 0.00173475694444 1.59641842091 0.0821109034294
2.05535731674 0.00173067708333 1.60060487963 0.0877126070955
2.05921565836 0.00173075810185 1.53376964894 0.0803913733006
2.06319662329 0.00173253472222 1.66237105896 0.0838555273057
2.06716598589 0.00175232060185 1.54269377705 0.0805279596671
2.07108026176 0.00172894675926 1.63628441459 0.083069755271
2.07508088918 0.00175583912037 1.64250362172 0.0870525178462
2.07905022608 0.00173235532407 1.52208373982 0.0806702768702
2.08299732531 0.00173422453704 1.76000653085 0.0861878906269
2.08704739985 0.00173327546296 1.75131572108 0.0857622998417
2.09253942692 0.00173140625 1.5482709823 0.0808190874115
2.10271186885 0.0017342650463 1.67039932911 0.0842604999638
2.10663362513 0.00173111689815 1.51579273756 0.0801121355032
2.11051510343 0.00173185763889 1.47925010236 0.0790692438912
2.11448053715 0.00175050347222 1.6029846907 0.0818019699524
2.11832840312 0.00173402199074 1.60055486781 0.0871877792881
2.12233392991 0.00175189236111 1.55792946665 0.0811025685212
2.13015548654 0.0017341087963 1.81508656356 0.0877355205883
2.13406960035 0.00173465856481 1.59087724651 0.0819343467112
2.13803044889 0.00175355902778 1.59788122593 0.0871715674925
2.1419781526 0.00173559606481 1.50686174326 0.0799759173841
2.14594576274 0.0017355150463 1.44014931536 0.078103062577
2.14988572307 0.00175277199074 1.49593069347 0.0796203569794
2.15381969448 0.00176013888889 1.74836242307 0.0861356342147
2.15774103887 0.00175334490741 1.57072449237 0.0814382712156
2.16556495733 0.00173064236111 1.74366520282 0.0867505862038
2.16949076927 0.00173269675926 1.53477221497 0.0808895981474
2.17345381433 0.00175101851852 1.5775130858 0.0815712597472
2.17748727824 0.00174747106481 1.53304050731 0.0806863424899
2.1813128016 0.00173405092593 1.50886193964 0.0856975994866
2.18535379688 0.00173473958333 1.57607777328 0.0818258809356
2.18925077769 0.00173403356481 1.62270801923 0.0827008584524
2.19328180447 0.00173616898148 1.95946349481 0.0912613132976
2.19718056155 0.00173320023148 1.68126097894 0.084380069741
2.20120969446 0.00173072916667 1.67057590325 0.0902026201276
2.20508323609 0.00173186921296 1.68185049584 0.0841978379514
2.20907584164 0.00175217592593 1.7611206235 0.0860363725397
2.21297639554 0.00173145833333 1.50615580474 0.079826097999
2.21697084072 0.00174998263889 1.5267168361 0.0802424554143
2.22085441786 0.00173596064815 1.55451205855 0.0854437102066
2.22489068251 0.00173182291667 1.62270101975 0.0830246068281
2.2287878545 0.0017483275463 1.61979147106 0.0823386278578
2.23274255144 0.00171770833333 1.65972337792 0.0837219694644
2.23669786981 0.00175934027778 1.61038572675 0.0826110447077
2.24069719234 0.00175369212963 1.58245685161 0.0812853485065
2.24456886031 0.00173101273148 1.72732579929 0.0921978304202
2.2486250847 0.00175607638889 1.56944227694 0.0814813831309
2.25245932964 0.0017347974537 1.51527800576 0.0799733143989
2.25645914797 0.0017308912037 1.61555939432 0.082551228759
2.2603395902 0.00173174189815 1.69454468029 0.0847272340146
2.26429583274 0.00173174768519 1.5980946144 0.08824001354
2.26823617676 0.00173527777778 1.55229511753 0.0811397656059
2.27224626579 0.00175375578704 1.70529497602 0.0849467933787
2.27624119604 0.00175766782407 1.61546779479 0.0833113903097
2.2801380278 0.00174810185185 1.52318604741 0.0800568812809
2.28396192997 0.0017334375 1.50344889103 0.0837839310689
2.28786783881 0.00173549768519 1.61034082746 0.0820705679975
2.29182218249 0.00175135416667 1.66341673488 0.0833795468253
2.29576759426 0.00175197337963 1.4759376793 0.078556236207
2.29971121853 0.00175141203704 1.54629445723 0.0806061706773
2.30364688214 0.00175118634259 1.6312824682 0.0828158199167
2.31150123582 0.00174718171296 1.53489587652 0.0800119785829
2.31540136459 0.00173341435185 1.57048697757 0.0813167333161
2.31938452707 0.00174844328704 1.68803851242 0.0838793080535
2.32330511407 0.0017469849537 1.54577923106 0.080252859001
2.32728174078 0.00175696759259 1.50895418254 0.0855649416783
2.33117295863 0.00173267361111 1.54088186331 0.0802151057397
2.33515398177 0.00175133680556 1.84549251105 0.0877811270334
2.33908312564 0.00175489583333 1.5928935575 0.0816064090542
2.34303081194 0.00174788194444 1.73178641764 0.0853189930413
2.34694288396 0.00174872685185 1.90290858369 0.094790628337
2.35088473233 0.00175444444444 1.82239287641 0.0871768737308
2.3548225145 0.00175335648148 1.78708980539 0.0872010535725
2.35874084895 0.0017511400463 1.92834477025 0.089714718046
2.36265417632 0.00175700810185 1.74063267099 0.0854442972965
2.36659159946 0.00175036458333 1.7751231778 0.0866171419356
2.37049820147 0.00173069444444 1.73947762661 0.0851825858611
2.37452986536 0.00175436342593 1.92101986196 0.0898615189176
2.37839978384 0.00175763888889 1.95158794206 0.0902121845341
2.38239348853 0.00175067708333 1.82323607987 0.0871175897044
2.38626653787 0.00175649884259 1.84128210723 0.0875808585462
2.39017658704 0.00173520833333 1.84313144122 0.0954337285268
2.39414374578 0.0017575462963 1.88958615501 0.0888786564311
2.39808595021 0.00174732638889 2.08642744589 0.0932147038396
2.4020093933 0.00175145833333 1.79585465257 0.0867046796653
2.40590461492 0.00173434027778 1.91287485691 0.0893827721229
2.40984856101 0.00173543981481 2.02016580998 0.0988095396164
2.41383276604 0.00175450231481 1.92062051712 0.0901391871686
2.41769855079 0.00173523148148 2.05685244897 0.0928244515861
2.42169304215 0.00174894097222 1.90548031822 0.0896262549821
2.42560252015 0.0017484375 1.66167440667 0.0832922118041
2.42950835605 0.00175339699074 1.50562044064 0.0845640688414
2.4334103936 0.0017355150463 1.3912410588 0.0762395403882
2.43737057795 0.00175625578704 1.57644868955 0.0811912382209
2.44120662135 0.00172980902778 1.6448555558 0.0827616648163
2.44518170495 0.00174744791667 1.51183076292 0.0793505361762
2.44909360928 0.0017545775463 1.79701265953 0.0866596456407
2.45306925019 0.0017537037037 1.8864942242 0.0960200278378
2.45692779457 0.0017328587963 2.0054540663 0.0915360358462
2.46092406861 0.00174706597222 2.01953795317 0.0917971796894
2.46484411633 0.00174956597222 1.74023135491 0.0854245974651
2.46876281176 0.00175078125 1.92318502803 0.089571656648
2.52362863494 7.47633101852e-05 1.08486879787 0.383559041834
2.52802158498 0.00174952546296 1.81734454705 0.0874370302875
2.54200336531 0.00173175925926 1.98055046903 0.0908738878639
2.54590038932 0.00174942708333 1.83525859104 0.0873932662398
2.5496962027 0.00173130208333 1.85243477908 0.0878138302786
2.55356235395 0.0017517650463 1.762016646 0.0855710928751
2.55812886039 0.00174826967593 2.00943606897 0.0917177885701
2.56197888234 0.00174622685185 1.87250978515 0.0881730421152
2.56606686523 0.00174750578704 1.75972020781 0.0854595679774
2.56998458176 0.00174979166667 1.80009419402 0.0869093666555
2.57389543687 0.00174873263889 1.83122269902 0.0875992614279
2.57777868279 0.00175144675926 1.84213298728 0.0876213307832
2.58167587685 0.00175089699074 1.80102782786 0.0865518738947
2.58553792748 0.00174815972222 1.80781345453 0.0866780207379
2.61121465014 0.00175487268519 1.63655155099 0.082763969375
2.61514668984 0.00173399305556 1.61531736515 0.0820053146089
2.61906815682 0.00174982638889 1.49510313033 0.082553260161
2.62302829488 0.00175353587963 1.57242400117 0.0807699955957
2.64517131958 0.00175094328704 1.62276027303 0.082171660592
2.64916804538 0.00173098958333 1.7892130215 0.0861833586834
2.65310434865 0.00175101273148 1.88787108901 0.088407663803
2.65806361854 0.00174938078704 1.44434147213 0.0778736731965
2.66798477604 0.00174980902778 1.68934961963 0.0839444574944
2.67197767914 0.00175629050926 1.53485250352 0.0797931821166
2.67584468722 0.00174763310185 1.69906660988 0.0839109188631
2.67978244354 0.00174840856481 1.59726337151 0.0856223041015
2.68370902098 0.00175039930556 1.64022107091 0.0825284785744
2.68766758116 0.00175122685185 1.63560116253 0.0827159061648
2.69160556223 0.0017520775463 1.63684479471 0.0824630494389
2.69561602678 0.00175370949074 1.51290780157 0.0797372423798
