0.493867058
0.53238172	
0.530486448
0.527099123
0.45902687	
0.481698408
0.488530774
0.473107219
0			
0.473047859
0.483672002
0.515853741
0.42315922	
0.458843396
0.442134151
0.440051655
0.414653025
0.406736353
0.465635906
0.475380809
0.412616246
0.434362144
0.428215478
0.427120624
0.423310194
0.39463249	
0.404710119
0.437186767
0.42297036	
0.377343575
0.427597403
0.399227517
0.449849374
0.412231962
0.432065858
0.366234648
0.357167876
0.480809654
0.434563391
0.587198618
0.419584105
0.505590062
0.460081811
0.501612656
0.382512828
0.406275751
0.379265414
0.505788235
0.46176362	
0.38440483	
0.400915488
0.448326216
0.429523388
0.468792645
0.399050468
0.466922808
0.451570751
0.390838341
0.458520075
0.427588394
0.368621849
0.35
0.35
0.35
0.35
0.35
0.35
0.35
0.35
0.35
0.35
0.35
0.35
0.35
0.35
0.35
0.35
0.35
0.35
0.35
0.35
0.35
0.35
0.35
0.35
0.35
0.35
0.35
0.35
0.35
0.35
